3
9
18
27
47
49
52
61
80
86
91
96
105
125
135
187
201
228
235
260
270
274
285
296
304
308
323
327
330
336
352
365
366
414
427
438
441
451
463
485
487
488
489
490
516
531
545
554
570
598
665
678
684
692
702
716
734
736
749
760
763
781
782
784
800
809
851
855
860
862
863
865
871
872
874
888
890
891
925
930
937
942
946
1011
1015
1016
1025
1059
1074
1124
1143
1145
1154
1159
1166
1180
1184
1189
1199
1208
1257
1258
1282
1309
1344
1366
1367
1370
1371
1381
1385
1392
1427
1428
1450
1454
1465
1468
1486
1487
1503
1511
1517
1551
1575
1594
1624
1654
1655
1682
1684
1691
1693
1696
1704
1733
1737
1742
1747
1754
1758
1759
1761
1766
1776
1786
1834
1859
1860
1878
1891
1898
1907
1938
1946
2004
2025
2034
2041
2047
2055
2075
2084
2085
2099
2108
2120
2128
2129
2143
2153
2179
2186
2216
2226
2248
2255
2259
2261
2280
2281
