3
9
18
26
45
47
50
59
78
84
89
94
103
122
132
180
194
221
228
251
261
265
276
287
295
299
314
318
321
327
342
355
356
404
417
428
431
441
453
475
477
478
479
480
505
520
534
543
559
587
654
666
672
679
689
702
719
721
734
745
748
766
767
769
786
836
840
845
847
848
850
856
857
859
873
875
876
910
915
922
929
992
996
1005
1039
1054
1103
1122
1124
1134
1139
1146
1161
1165
1170
1180
1189
1238
1261
1287
1322
1345
1346
1349
1350
1358
1362
1369
1402
1403
1424
1428
1439
1442
1460
1461
1477
1485
1522
1545
1564
1593
1623
1624
1651
1653
1660
1662
1665
1673
1702
1706
1715
1722
1726
1727
1729
1734
1743
1753
1800
1824
1825
1843
1856
1863
1872
1903
1911
1967
1988
2003
2009
2036
2045
2046
2060
2069
2081
2089
2090
2104
2114
2140
2147
2177
2187
2209
2216
2220
2237
