3
9
18
26
45
47
50
59
77
82
87
92
101
120
130
180
194
221
250
260
274
285
293
296
311
315
318
324
337
348
349
393
406
417
420
441
463
465
466
467
468
493
507
521
530
546
573
637
650
663
672
685
702
704
717
728
731
749
750
752
768
818
821
826
828
829
831
837
838
840
853
855
856
889
894
901
908
970
974
975
984
1015
1030
1078
1097
1108
1113
1134
1138
1143
1152
1161
1210
1233
1258
1293
1311
1314
1315
1324
1328
1335
1369
1370
1391
1395
1405
1408
1426
1427
1450
1486
1508
1527
1554
1584
1611
1618
1620
1623
1631
1661
1670
1677
1681
1682
1684
1688
1696
1706
1753
1776
1777
1794
1807
1822
1853
1861
1916
1936
1951
1957
1984
1993
1994
2007
2013
2025
2033
2034
2048
2058
2083
2090
2118
2127
2149
2156
2160
2178
