3
9
18
26
46
48
51
60
79
84
89
94
103
123
133
183
197
224
255
265
279
290
298
302
317
321
324
330
347
360
361
409
422
433
436
446
458
480
482
483
484
485
511
526
540
549
565
593
659
672
685
695
709
727
729
741
752
755
773
774
776
793
843
847
852
854
855
857
863
864
866
880
882
883
917
922
929
936
1001
1005
1006
1015
1049
1064
1113
1133
1144
1149
1156
1170
1174
1179
1189
1198
1247
1271
1298
1333
1356
1357
1360
1361
1371
1375
1382
1417
1418
1440
1444
1455
1458
1476
1477
1493
1501
1540
1564
1583
1613
1643
1644
1671
1673
1680
1682
1685
1693
1721
1724
1729
1734
1741
1745
1746
1748
1753
1763
1773
1821
1845
1846
1864
1877
1892
1923
1931
1988
2009
2024
2030
2056
2065
2066
2080
2089
2101
2109
2110
2124
2134
2160
2167
2197
2207
2229
2236
2241
2260
