3
9
18
27
47
49
52
61
80
86
91
96
105
125
135
187
201
228
259
269
283
294
302
306
321
325
328
334
351
364
365
413
426
437
440
450
463
485
487
488
489
490
516
531
545
554
597
664
677
683
691
701
715
733
735
748
759
762
780
781
783
800
853
858
860
861
868
869
871
885
887
888
922
927
934
939
943
1008
1012
1021
1055
1070
1120
1140
1151
1156
1177
1181
1186
1196
1205
1254
1304
1339
1362
1365
1366
1376
1380
1387
1422
1423
1445
1449
1460
1463
1481
1482
1498
1506
1545
1569
1588
1618
1648
1649
1676
1678
1685
1687
1690
1698
1730
1739
1746
1750
1751
1753
1758
1768
1778
1826
1851
1852
1870
1883
1890
1899
1930
1938
1996
2017
2032
2038
2065
2074
2075
2089
2098
2110
2118
2119
2133
2143
2169
2205
2215
2244
2249
2268
