2040
430
2041
2042
2043
2044
1565
2045
2046
2047
2048
2049
2050
2051
1898
2052
321
2053
2054
41
787
2055
2056
1272
1728
2057
2058
2059
2060
2061
2062
2063
2064
2065
2066
2067
2068
2069
2070
2071
2072
2073
2074
2075
2076
825
2077
652
1571
2078
1508
2079
2080
2081
2082
2083
2084
2085
2086
2087
1221
2088
2089
163
2090
2091
2092
2093
2094
2095
2096
2097
2098
273
2099
2100
2101
1239
2102
2103
2104
2105
2106
2107
2108
2109
2110
2111
2112
2113
2114
2115
2116
2117
2118
2119
785
2120
2121
468
2122
2123
2124
2125
2126
2127
2128
1854
2129
2130
2131
2132
2133
2134
2135
2136
2137
2138
2139
2140
939
2141
1736
2142
772
2143
2144
2145
1567
2146
2147
2148
2149
2150
53
1305
820
2151
2152
2153
2154
2155
291
1232
177
2156
2157
2158
44
2159
2160
2161
2162
